0.0 6.28581267568 5.18537970689 6.02993068923 11.0463063421 1.17589361709 5.24348749801 8.89992952358 8.88910427806 6.69487116778 7.27743596364 6.27543672565 3.96193875559 5.25169779786 0.0624611519685 6.87903493599 8.88517729678 6.43576377847 8.13253375749 2.1963523009
6.28581267568 0.0 5.50619447782 4.69719553517 6.02400752761 5.81647228539 5.59990160182 6.16454585293 4.690678221 6.24987559376 5.43127286714 1.28410839316 4.68330512011 5.56902553991 7.15357725481 4.94515205871 3.27171757662 3.02459953705 6.5334416121 5.61727170097
5.18537970689 5.50619447782 0.0 0.0223839816141 10.6072242912 5.21772660558 0.00967305632348 8.0402657588 7.61685146943 8.18631702776 7.86414664782 5.72603886431 4.49637572872 0.0104727837263 6.23310100234 6.89213365352 5.62589408611 6.31829117905 8.20414201639 4.50048421808
6.02993068923 4.69719553517 0.0223839816141 0.0 8.56825866905 5.61500499363 0.00343091678912 7.89870839553 7.35390736025 8.56569262242 8.71535507525 5.15485810217 4.31977152997 0.00295780691014 7.03808795025 7.15466002523 5.96988518627 6.6489094272 8.11269770579 5.2652702193
11.0463063421 6.02400752761 10.6072242912 8.56825866905 0.0 8.36209806673 10.6321353558 10.3062094658 0.287640481562 14.4425563637 11.5319558275 6.57648467126 9.75344809248 10.6123707476 12.3233139481 3.86260334844 5.26132575469 3.99015901438 3.14365103877 10.160708721
1.17589361709 5.81647228539 5.21772660558 5.61500499363 8.36209806673 0.0 5.30926540304 8.03910186374 7.32611975605 5.52103272892 8.34149549334 4.88987268043 4.20493235883 5.31147556357 0.95965841813 6.31567960262 7.07706029887 5.88855826589 6.35101769223 2.27155663574
5.24348749801 5.59990160182 0.00967305632348 0.00343091678912 10.6321353558 5.30926540304 0.0 7.9736743633 7.63286765703 8.15611584349 7.87759530086 5.83472894721 4.40976501209 0.00115285811006 6.28636040034 6.93213384666 5.66560654536 6.37918141475 8.18253678322 4.56102355746
8.89992952358 6.16454585293 8.0402657588 7.89870839553 10.3062094658 8.03910186374 7.9736743633 0.0 10.3403794071 2.13404810145 8.62927501411 6.45072835016 1.04366915947 7.95312947846 10.0646727208 7.43886586305 5.10856918901 6.68091144098 7.71913652428 7.55672684472
8.88910427806 4.690678221 7.61685146943 7.35390736025 0.287640481562 7.32611975605 7.63286765703 10.3403794071 0.0 11.9139394587 9.91031022039 6.71207237564 8.98941262137 7.64295061018 9.71108770097 4.30260731981 4.15339701131 4.0466009015 2.32519391067 9.983926787
6.69487116778 6.24987559376 8.18631702776 8.56569262242 14.4425563637 5.52103272892 8.15611584349 2.13404810145 11.9139394587 0.0 6.47473109102 5.35309815969 2.44244802362 8.14984800175 6.92394684236 6.5664521983 7.28315867753 8.36791927505 9.63862117998 2.02178385605
7.27743596364 5.43127286714 7.86414664782 8.71535507525 11.5319558275 8.34149549334 7.87759530086 8.62927501411 9.91031022039 6.47473109102 0.0 3.56968804893 7.66087617079 7.86085199396 7.17774686908 6.50614893056 4.33030481323 3.22400396296 7.63138776347 7.59524462859
6.27543672565 1.28410839316 5.72603886431 5.15485810217 6.57648467126 4.88987268043 5.83472894721 6.45072835016 6.71207237564 5.35309815969 3.56968804893 0.0 6.23550882857 5.81474941777 6.45709737335 6.1365950489 1.26537576196 3.70667033715 5.58121580055 6.06159747528
3.96193875559 4.68330512011 4.49637572872 4.31977152997 9.75344809248 4.20493235883 4.40976501209 1.04366915947 8.98941262137 2.44244802362 7.66087617079 6.23550882857 0.0 4.41884861777 4.63239060651 5.42884213062 5.77404669578 6.23343235974 6.18175441959 0.355279368029
5.25169779786 5.56902553991 0.0104727837263 0.00295780691014 10.6123707476 5.31147556357 0.00115285811006 7.95312947846 7.64295061018 8.14984800175 7.86085199396 5.81474941777 4.41884861777 0.0 6.30602826539 6.9555139076 5.67860220848 6.40750737307 8.14477099133 4.56192837754
0.0624611519685 7.15357725481 6.23310100234 7.03808795025 12.3233139481 0.95965841813 6.28636040034 10.0646727208 9.71108770097 6.92394684236 7.17774686908 6.45709737335 4.63239060651 6.30602826539 0.0 6.98083356557 9.22426568958 6.4237899079 8.16896287076 2.43557902665
6.87903493599 4.94515205871 6.89213365352 7.15466002523 3.86260334844 6.31567960262 6.93213384666 7.43886586305 4.30260731981 6.5664521983 6.50614893056 6.1365950489 5.42884213062 6.9555139076 6.98083356557 0.0 3.47365263387 4.86308583989 0.813052026826 5.66982167953
8.88517729678 3.27171757662 5.62589408611 5.96988518627 5.26132575469 7.07706029887 5.66560654536 5.10856918901 4.15339701131 7.28315867753 4.33030481323 1.26537576196 5.77404669578 5.67860220848 9.22426568958 3.47365263387 0.0 3.8207147563 2.73412395064 6.54008795482
6.43576377847 3.02459953705 6.31829117905 6.6489094272 3.99015901438 5.88855826589 6.37918141475 6.68091144098 4.0466009015 8.36791927505 3.22400396296 3.70667033715 6.23343235974 6.40750737307 6.4237899079 4.86308583989 3.8207147563 0.0 4.94884361787 5.7213702981
8.13253375749 6.5334416121 8.20414201639 8.11269770579 3.14365103877 6.35101769223 8.18253678322 7.71913652428 2.32519391067 9.63862117998 7.63138776347 5.58121580055 6.18175441959 8.14477099133 8.16896287076 0.813052026826 2.73412395064 4.94884361787 0.0 5.00805484427
2.1963523009 5.61727170097 4.50048421808 5.2652702193 10.160708721 2.27155663574 4.56102355746 7.55672684472 9.983926787 2.02178385605 7.59524462859 6.06159747528 0.355279368029 4.56192837754 2.43557902665 5.66982167953 6.54008795482 5.7213702981 5.00805484427 0.0
